-1952637836 -1378729009
-1602182216 1861659433
-1234307077 524748053
2125172178 740653447
1964549294 -1385705316
2089341962 1033720579
973672013 1270847984
-1695845500 -1868612945
-1367065270 2127730798
1198097016 -221146402
-538616727 -437005646
1222338809 1723084079
-688223339 1041010242
-353469209 -1115611943
1010564101 35942265
-1290691278 1454552889
-749792880 1526683062
1426040913 1740336794
375031117 148389829
212134402 -1801686204
-10500754 -1856060275
1565645892 1647593159
1213795935 82242556
1046402962 -946426487
-1014826725 -1334741968
1389465185 -356275570
1228634830 -1424699672
662597596 -1595707000
2038403505 1151165226
-255504929 1091140384
-779347166 1698029365
-1851137486 -1935071357
1941802755 718186153
686165767 547003183
1304271956 -854742795
552400566 -150027777
-660806892 -1542575102
350963384 -732060554
-1931327659 1029855006
1776439778 141720393
-618620514 -1512142292
2135479779 721235247
1300664454 1912130825
-245004289 2076254957
-1453568114 -499850431
-937638643 1620417948
-172165313 -1720725517
711721136 1244920638
810678917 1478743554
2022363090 -1241213567
-425118389 -1104134018
-1880970650 1476077267
-1808924585 747536210
-1677475745 -360717913
1998110311 99116079
-1179746837 362456582
-217080179 276401080
-197747979 542769497
-1275686968 -112705809
-986852902 704636021
-1211391515 -1731176225
1370069355 -501597208
-1868017771 -806028148
-1697087965 -1315580285
1767337422 -1582029032
-935790934 21906984
883080295 -1628870089
-2082680950 1860019926
-2100669457 631986901
469338672 -457476110
-1899795250 1102675973
601312039 1901196248
1998797727 -683225555
-1606601840 -1881828958
1245568717 -378602896
1141064165 932879672
-1824482963 1242772061
-675867153 966857113
-1406544037 1710556118
-293456891 710353257
-138889577 -1913880253
1912447879 -1385752133
-1006562846 -2125926921
563610778 2097515296
1669351573 -838238494
-941065947 -337582864
-1264959551 501611385
-470156020 181137112
-7513971 -883602717
-1249375828 -1748972379
-1368434740 1008875878
-1131503464 -1523943344
-890996002 -403897839
-1514858094 -1530995126
2134717897 -1804441430
-2126753844 -2099509239
-1380034920 -271093797
-797570464 -2071002925
1581943283 382400408
430226445 225140938
-1716290305 -649277485
314046004 -1452889543
-672917383 1502874468
871050003 876799262
1948029198 1562681139
1662622529 -1443355400
1843153149 -723084888
48466538 -1405295406
-686506256 -2042659244
-1127868596 -1626774127
-1373895145 -1324838431
-297250063 452622970
-53705849 755180088
1721594670 1997303815
596831442 -245491983
-1495974819 495384812
1746584551 -1036102145
-1037500841 -127971996
-1592472532 -549074788
1365557428 1645078721
343553242 -754250637
1259960903 -15101644
-118328167 -896131826
1970171860 -1398172199
652284508 1300529535
625808916 797798150
1062983550 2142358098
209982188 -1752159019
1075914526 -999855182
-2070201879 -622698512
953775800 896090074
2041290752 790980765
-1329716219 -1108197954
1592009348 795826186
-1855249388 790573051
1353973095 850841562
-446150742 -2137294851
908217525 45779952
-333836073 -505009809
-1360882354 -1024949637
1921603033 -831256087
1568387300 -1891318206
-972280522 361578708
2006432053 -1625778382
747757332 -1773419615
-376385911 1686523173
-1956194340 1020381738
281531759 -1019279115
-1175136240 -806496408
-2121824333 -2084350014
395238761 439099992
1013413028 1074803840
50299188 2131454760
-2087727996 949883844
764659695 -1192392539
1697125200 -2023234096
-755261921 917125609
1692407474 -1467204899
1087667829 -861599679
639877955 524481960
-448135902 1831683421
-496519930 1486239807
690697334 -1425968709
-27943135 -1110608114
2019774144 2135791446
2092230366 84270629
422488417 1319527562
33361378 961246412
1475169587 1721307979
-691222612 451586890
1616295961 598370439
-179710382 1994538737
508703719 -431138855
-453834121 -275144594
772945525 -927721616
-1930493297 -1685567408
898139902 1201975358
1704953175 1989060054
-1373887297 1911314020
-1703242864 849449982
-570873139 -1393879586
-467694341 -1303019318
1906191670 893099883
-1416624998 -972115242
967953244 -1997454912
-2120146907 1902139672
737047438 965237485
476290763 -2085334794
156341224 -424423920
-156900565 334614158
1425454189 -1930671816
-820732782 79778625
1868445282 -481532004
-1407456394 478191233
1184019694 1209465854
-1564205774 456754397
-1376828688 176361305
1889164036 674945355
-445382112 -1621925934
1720117316 -1299524427
1776144233 747989982
729795559 -1584486458
-648478587 -1813621328
1569718580 1345528566
-1914278181 -1039521051
82873285 182362324
-1012577387 582769779
2066877122 -1715691884
1869314310 145126096
-957175975 600288985
-961977029 261900895
1184201344 1972810436
1439015392 -1294244833
-1054489105 1738442045
187151701 -967502185
-683565992 -460225407
-61808367 1229040381
903140586 2013963757
-991635145 1033679526
-1797888507 -1845362678
379824502 1006182578
1281327935 -219875623
-2108603610 1368781816
1435835031 1356101216
1168011425 402816304
-1304851207 -155195531
1452943839 -1372353184
546684402 1276365514
1262585429 1659443337
2029901493 901719610
-1464874993 468588690
969365582 -1716834221
-1569244148 1163050101
1565743397 -358291932
621734874 -746377304
924387766 510162761
-280994701 1800111566
2007096463 1346024500
2069616215 1739822751
-1352012405 1250224830
49345259 1466160661
1691649101 1601953006
874277649 -701074215
-1658991104 641383944
1869308680 -738831123
984099405 -1792581158
102739845 1800904347
-814438499 1848445507
-611856365 875299230
407079569 1402961669
-1503618392 1442246286
-1090323265 531127244
2048251017 -1265347439
-652788050 574406782
410137697 333360960
-890701548 -855519291
740723100 -2123927336
1564707151 -1887787045
146998537 1084691618
1302750498 1654309270
-158540112 -1228380763
127409 -677125708
-1253714704 -878918262
430533055 -1387329432
-1983758115 362643408
835759910 -1511781595
1548598233 727741745
-956947561 -212613974
-1432513935 634694483
-1050811244 1373964111
346783866 -801796941
-863697237 1221377423
1368027757 355067087
728804341 -530717483
1431980031 -667556716
-1456074289 -107065717
1429132293 -809125113
1330508247 -918989983
1313445255 -488600009
1635177002 1782703323
1823270434 -1773543325
576135388 439986462
-2028824157 -742806169
1341732536 832769276
1156532962 -1289630612
1927322937 -113215426
61264348 1576100305
-1189530680 -431288271
1269669653 -416453292
2004750392 -845171596
1917188140 1430765701
-1177602432 694231552
-1307094593 -1273239187
-851278920 1947887736
-1589034366 -89924229
206399575 -498786892
5426075 -787713873
-1531818582 -713360504
-1366166976 -854334198
-1247427944 1573573594
1648289428 -733274571
845466516 65341156
229192639 -768850576
18280931 475785157
-1658538676 1933568446
93580816 -1488405681
-1528869433 -889460657
920521133 -1970914036
1564973719 -1478121170
-1407740852 -39987566
-587718375 1695251500
1034618813 -1480788727
1099018495 -1856036340
143308682 130820347
-1842153496 689819120
-820631632 -1085146021
-1168473536 58731268
-191338849 -1469601064
1622910297 -1280888215
414451316 -806475677
2034634443 1868619109
917410165 2108039678
-908921591 -1523449912
-1935239730 235791560
-872798908 491837090
2006230155 473192263
708602501 -1289349341
1170792406 373846261
-687339002 -1765766702
-1046219662 80796686
1841254609 1403616755
-1126983049 -462967400
841510556 -1661558478
681572688 986865587
-691463708 -1450178667
-1659335950 2090236450
-270026424 531066784
-2039719329 -973105893
343871017 -1752166710
1353890139 1680581196
-1717527425 1422160416
-1105278612 -1503746002
1020087293 1009925945
1565094936 -1881711730
536018537 1494868314
-1272271269 -723369127
323032885 -1976406295
-473685145 1295602344
790966371 -1617931496
530883232 -669375220
1354528919 994543562
-2037584681 -433764069
-1105365378 -349672503
-2049196859 944588091
1666264415 -41385684
-1556076853 1276920495
232906495 -1643732990
382118889 -1163687200
1490085562 1977903428
770087932 46154477
-1496552993 -836434438
-1107123395 -1085992587
1507907916 -2073854292
-1793548554 -1068983644
803307594 -830392564
-1855842937 1788149372
1184799915 556227042
-408425063 -750992026
1140243490 -1310965449
-750174048 1710089977
-1457235229 727721670
-38902633 1291573001
-1483210884 -1167939425
72780024 8766708
1299861490 -1649611234
-1474329862 953579817
2044255264 -1345160948
-48978673 1298103546
1640208716 -845353197
-482689635 -943621981
696273675 -1275762840
-1112237828 -2022706278
213144919 -1505228621
-1183014224 1357308698
524071918 1669661506
-1894940184 -1990413589
-341896466 808727407
-303248073 1469822067
751715502 -540084145
895496594 -2105925629
-458780449 855509661
-1511610230 1870664795
-397043484 -1011916826
1385994699 1190084735
753454447 1333421558
599458772 -674225218
708096349 79110786
-1423505415 -1524297729
1302095315 -1689844969
885552534 -13936049
-349160551 1469344066
-849661803 250045865
1452361143 -1996472575
1055428387 -782732283
-1077991090 -585949334
-1588917585 -1596102236
1199548089 -1030627429
-632299484 -1194594662
615946212 -1555332126
-1552450713 658479773
218652652 -1923551955
-1640052205 -1644751092
-1061156872 -455816524
41996660 720462659
963478872 1510775780
941695938 -425351394
-1522015012 -435040624
-2062741345 1449410508
-464365706 1151616339
234532051 -2014317866
2027052051 -554839479
39980358 -1645579408
-670006602 -2102365713
-1908518593 -1517836801
1273267415 -2053156266
1433491420 -1956688405
1718660860 282915472
-395428654 -110816858
-1460676715 -1924733356
122943590 -649395971
-371957988 1519520244
992132779 1461389727
921564525 -1048563070
2071198205 770180588
455024740 418031165
1297480895 240603647
94027701 1446701378
752993873 1118835454
-1242608 1081453168
-1441630380 -1202348895
1366998902 -1989026660
-1986834142 425107714
1206160597 -2022160393
1860328584 474683044
1025236203 -761913412
764089287 190251206
2066846297 -660117474
1318955978 1326482921
-1539414265 -1849411471
-1390094167 -2055470944
1601694904 -393337449
863316318 43054744
-858494227 2132369582
-1022994746 487006695
1942689279 504845816
-1940381221 566425753
1359305591 12507147
-1821270735 1616731769
1467563953 284173114
-1424818770 1446145309
748947634 209798467
-872984946 1365212725
1521988167 179942714
-1446730601 -329194475
1606739807 1342842805
-1278825319 -606864256
1535016106 977267514
394834217 -1132295752
392341618 152131814
-971410530 -695697981
1814131641 -1574230690
762606668 1163764735
-1002495852 1025285627
762938880 839963881
-1804303928 1055071793
-2042312515 122855466
-143753309 -559724223
1809737653 -464938781
1233733149 1771623456
1146795658 1708306490
1127929903 -475272281
-1461679674 -469480922
-78379918 548242172
988079768 -439682953
-1102186756 1614419520
-2071960111 612567081
1388700792 -1746096774
273933855 -2016785174
508529285 1562520516
-364942967 -190195990
1848279377 1162819252
1769421354 1021804258
-1369073035 1645822478
898150962 1913353320
-1797863149 -1992455256
-35568870 229522033
-1387966674 -2145971299
94869543 -466108888
2121739337 327605430
-9441245 2056811502
-574486204 392167701
1690962519 -789469518
1703615859 1082353444
-2145893685 -438672013
1275644161 -1697832258
1657584066 1848818451
-1344544636 -602419556
2052235888 1988566110
2029381088 807954946
-103869186 -1021167525
50113121 42960554
-775553087 -581724462
1144198676 1135792881
-3337290 1298510110
505548903 964971584
185583681 -1283559115
218875393 -215308866
230478375 1550926581
-841037853 1430826804
-1698256438 -727571535
-1725579328 -1696085951
-1578238812 -2000856068
-1047284327 1368107967
-2062146042 343396277
1603019421 -840687755
1487473425 -1190653868
-173978304 -299150338
-1735330315 164666740
-574969190 -1748631303
-481538967 201850785
-928497406 -1553168013
-669500052 1481353571
-1684584469 373470354
1801765435 -1187591541
-1385725697 1527629442
-1460302190 -359759427
2055734906 1030686117
1283509286 -1885792193
-1106933047 1307244535
327531875 -284806144
-619494045 -120331073
-2068143261 631909356
1087572199 1881695868
-703429841 561441392
196623991 -782427889
-382163398 298912328
1909768788 -132468699
850981402 -69199471
1391320507 -830995992
287404937 -1627050229
-1616717313 -966667801
1115338908 -780452434
-1116346137 1861773378
113366594 1703465585
-580166069 -940752614
819475712 -1764022185
-1452116246 1419337784
602046699 -69288261
925247630 -723577603
345069799 846323165
-840190109 -1825555830
193698079 -1738426964
2017987732 293879856
594238660 -1593638186
1035209256 -2098756070
2025067274 -131897842
813914139 1893194297
-1072086177 29940125
-1680316736 2065178992
-1768235794 871952685
-1251761577 -1438156542
1520774485 -1101934639
1728779242 -107586504
-859317597 1490747480
1792207726 -1095853481
1291353236 2052889556
-390680809 1888037057
1441968400 -1660982683
-1613362182 180297066
-966735902 1211689547
-207125526 1126260095
-1639095883 -414029524
-938576756 -548615087
2049941077 -965567582
897135549 1606878856
1123071524 322264841
-842056410 -1439566459
517151450 1271763335
1832299804 1687340824
-1586988159 -425120676
-1546419010 -456977053
-603633744 517475436
1624929098 1361660686
865963527 357176586
551821503 1057460141
-1880075797 -426141433
-358795847 2001651823
2040247428 -423414276
-1963287415 -651331320
1415941364 170167764
-297748588 -1580691232
-269399078 731875997
179276015 -823234435
-427473402 -1794107248
1975846711 1197650734
-2035891586 396264030
-1962796106 -488929030
-2072680527 1864424382
-1674181196 372223176
973857786 1559373364
1288118042 -1178189104
2114252121 1168514083
1283407438 827861825
-740756371 -2146644458
-1337118389 -792947404
375006901 1834057292
829689343 571530705
2019662856 -807115134
1795445738 709756865
1846135635 1133466629
-2089149708 -1165207852
2027397778 -1160690185
-1976120434 -1710236686
-30089712 782596577
-1484514291 -66233
-254051613 1550750330
1193365316 -1751759189
-1232379742 1277084855
-766840736 -1626665393
-86466967 488781588
-872904696 -1671906897
290576144 625540897
435357365 1948954292
-1007961944 271739216
-1666588593 1110916392
1774689079 1640724221
-1886644982 1341000800
2102436532 1770962623
1634050943 -1567172315
-1836318651 1755060974
555294734 1428393955
378941112 -390933899
1413508467 -666169579
316687935 802760666
604951208 490741232
-787102864 1917352587
-1904612870 12739407
-1830527619 609052268
2138449263 899508447
443336624 1181715870
-449387433 -1423182196
-668173781 296024209
2082559537 -2040245716
-1326064162 1305557069
-256071999 1317810025
1162704840 1285076733
1218522990 -902210572
-494932111 -605756739
1014737377 569799656
406719656 278273701
1038655452 1812015741
-1161754502 17606166
2037879897 -1939737874
-1532310156 178900548
-389242396 -430762580
876806938 460280325
-539325895 1406107076
-2137325402 1806865369
-875662559 510642830
-204995834 -1045036487
-1212035958 -1112116840
184828432 -1809642971
-1277289498 718404818
-1016807160 1729315817
1150396614 -185683717
-584386987 2077738543
1510164150 -2085672884
-405887361 876202827
157202523 1133358435
-1729261972 1623725250
-484808756 -1040293262
-2019837732 -2060928740
-1875218386 23888040
525900578 127354860
-1642842989 -807715872
-1317907163 1207136285
-1989083116 -2108877175
-1943949161 -246639489
677735213 -1017466411
459717492 485161617
990282328 -791386586
1541872061 1505197969
-543888914 -1960300618
2063886966 -1798373438
-738100422 -1647330426
-464364578 -1706632195
1041635039 444637320
1388399343 1038895484
1246799981 2105217296
-1099199978 -1386719262
1893570366 -530476935
1188604723 1565448590
-178642794 1455323412
-181704493 105290274
442390267 201481814
2026637996 896372558
444711633 -895969471
-1311088294 -1027870750
-690167750 1861057811
235386201 -1745527532
473232942 1412180526
-997571262 1645185550
-1387855146 -1286617784
-479645878 882511292
-280381138 -198794028
-1143414279 -1347204396
654167002 458479280
-2069532633 -1559061977
-440467128 1685444625
1407804477 1710760743
1346358536 345999787
-875762007 -1968763208
-1054053783 327330852
-872248414 1051656251
1646376020 -1723240260
309034014 -2047475495
1517237869 -2140739019
872394256 -1351857907
1313026920 -1646499319
-1694371865 1977062517
-10314583 64230861
-67990716 1869867994
-743557344 -1438695201
-824728837 -494661250
-223254173 -1683925416
26472524 496237477
730754829 831938349
425835363 -832304794
1024388438 -248090456
6368014 -327950924
-1146149644 1265995527
-1883355203 -97514328
979713329 -1924542350
-1434169920 605947665
-1813158835 385338403
805382844 239464511
